Tamanho da solução: 2

Nós gerados: 10

Nós explorados: 3

Tempo de execução: 4ms

Penetrância: 1/5


Ramificação média: 2.7015693

Inicio:
0 0 0 0 2 2 0 0 2 0 2 0 2 0 
0 0 0 0 2 2 0 2 2 2 0 2 2 2 
0 0 0 2 0 0 2 0 2 0 2 0 2 0 
0 2 2 0 0 2 2 2 0 2 2 2 0 2 
0 2 2 0 2 0 2 0 2 0 2 0 2 0 
0 0 0 2 2 2 0 2 2 2 0 2 2 2 
0 2 2 0 2 0 2 0 2 0 2 0 2 0 
0 2 2 0 0 2 2 2 0 2 2 2 0 2 
0 0 0 0 2 0 2 0 2 0 2 0 2 0 
0 0 0 2 2 2 0 2 2 2 0 2 2 2 
0 0 2 1 2 1 2 0 2 0 2 0 2 0 
1 2 2 2 1 2 2 2 0 2 2 2 0 0 
0 1 2 1 0 0 2 0 2 0 2 0 2 2 
1 0 1 2 1 2 0 2 0 2 0 0 2 2 

Fim:
0 0 0 0 2 2 0 0 2 0 2 0 2 0 
0 0 0 0 2 2 0 2 2 2 0 2 2 2 
0 0 0 2 0 0 2 0 2 0 2 0 2 0 
0 2 2 0 0 2 2 2 0 2 2 2 0 2 
0 2 2 0 2 0 2 0 2 0 2 0 2 0 
0 0 0 2 2 2 0 2 2 2 0 2 2 2 
0 2 2 0 2 0 2 0 2 0 2 0 2 0 
0 2 2 0 0 2 2 2 0 2 2 2 0 2 
0 1 0 0 2 0 2 0 2 0 2 0 2 0 
1 1 1 2 2 2 0 2 2 2 0 2 2 2 
0 1 2 1 2 1 2 0 2 0 2 0 2 0 
1 2 2 2 1 2 2 2 0 2 2 2 0 0 
0 1 2 1 0 1 2 0 2 0 2 0 2 2 
1 0 1 2 1 2 0 2 0 2 0 0 2 2 

