Tamanho da solução: 1

Nós gerados: 6

Nós explorados: 1

Tempo de execução: 3ms

Penetrância: 1/6


Ramificação média: 6

Inicio:
0 0 0 0 2 2 0 0 2 0 2 0 2 0 
0 0 0 0 2 2 0 2 2 2 0 2 2 2 
0 0 0 2 0 0 2 0 2 0 2 0 2 0 
0 2 2 0 0 2 2 2 0 2 2 2 0 2 
0 2 2 0 2 0 2 0 2 0 2 0 2 0 
0 0 0 2 2 2 0 2 2 2 0 2 2 2 
0 2 2 0 2 0 2 0 2 0 2 0 2 0 
0 2 2 0 0 2 2 2 0 2 2 2 0 2 
0 0 0 0 2 0 2 0 2 0 2 0 2 0 
0 0 0 2 2 2 0 2 2 2 0 2 2 2 
0 0 2 1 2 1 2 0 2 0 2 0 2 0 
1 2 2 2 1 2 2 2 0 2 2 2 0 0 
0 1 2 1 0 0 2 0 2 0 2 0 2 2 
1 0 1 2 1 2 0 2 0 2 0 0 2 2 

Fim:
0 0 0 0 2 2 0 0 2 0 2 0 2 0 
0 0 0 0 2 2 0 2 2 2 0 2 2 2 
0 0 0 2 0 0 2 0 2 0 2 0 2 0 
0 2 2 0 0 2 2 2 0 2 2 2 0 2 
0 2 2 0 2 0 2 0 2 0 2 0 2 0 
0 0 0 2 2 2 0 2 2 2 0 2 2 2 
0 2 2 0 2 0 2 0 2 0 2 0 2 0 
0 2 2 0 0 2 2 2 0 2 2 2 0 2 
0 0 0 0 2 0 2 0 2 0 2 0 2 0 
0 0 1 2 2 2 0 2 2 2 0 2 2 2 
0 0 2 1 2 1 2 0 2 0 2 0 2 0 
1 2 2 2 1 2 2 2 0 2 2 2 0 0 
0 1 2 1 0 0 2 0 2 0 2 0 2 2 
1 0 1 2 1 2 0 2 0 2 0 0 2 2 

