Tamanho da solução: 2

Nós gerados: 11

Nós explorados: 3

Tempo de execução: 11ms

Penetrância: 2/11


Ramificação média: 2.8541668

Inicio:
0 0 0 0 2 2 0 0 2 0 2 0 2 0 
0 0 0 0 2 2 0 2 2 2 0 2 2 2 
0 0 0 2 0 0 2 0 2 0 2 0 2 0 
0 2 2 0 0 2 2 2 0 2 2 2 0 2 
0 2 2 0 2 0 2 0 2 0 2 0 2 0 
0 0 0 0 2 2 0 2 2 2 0 2 2 2 
0 0 0 0 2 0 2 0 2 0 2 0 2 0 
0 0 0 0 0 2 2 2 0 2 2 2 0 2 
0 0 0 0 2 0 2 0 2 0 2 0 2 0 
0 0 0 2 2 2 0 2 2 2 0 2 2 2 
0 0 2 1 2 1 2 0 2 0 2 0 2 0 
1 2 2 2 1 2 2 2 0 2 2 2 0 0 
0 1 2 1 0 0 2 0 2 0 2 0 2 2 
1 0 1 2 1 2 0 2 0 2 0 0 2 2 

Fim:
0 0 0 0 2 2 0 0 2 0 2 0 2 0 
0 0 0 0 2 2 0 2 2 2 0 2 2 2 
0 0 0 2 0 0 2 0 2 0 2 0 2 0 
0 2 2 0 0 2 2 2 0 2 2 2 0 2 
0 2 2 0 2 0 2 0 2 0 2 0 2 0 
0 0 0 0 2 2 0 2 2 2 0 2 2 2 
0 0 0 0 2 0 2 0 2 0 2 0 2 0 
0 0 0 0 0 2 2 2 0 2 2 2 0 2 
0 1 1 0 2 0 2 0 2 0 2 0 2 0 
0 1 1 2 2 2 0 2 2 2 0 2 2 2 
0 0 2 1 2 1 2 0 2 0 2 0 2 0 
1 2 2 2 1 2 2 2 0 2 2 2 0 0 
0 1 2 1 0 1 2 0 2 0 2 0 2 2 
1 0 1 2 1 2 0 2 0 2 0 0 2 2 

